Unnamed: 0,Age,Sex,Job,Credit amount,Duration,Purpose,Risk,Housing_free,Housing_own,Housing_rent,Saving accounts_little,Saving accounts_moderate,Saving accounts_quite rich,Saving accounts_rich,Saving accounts_unknown,Checking account_little,Checking account_moderate,Checking account_rich,Checking account_unknown
0,67,0,2,1169,6,5,1,0,1,0,0,0,0,0,1,1,0,0,0
1,22,1,2,5951,48,5,0,0,1,0,1,0,0,0,0,0,1,0,0
2,49,0,1,2096,12,3,1,0,1,0,1,0,0,0,0,0,0,0,1
3,45,0,2,7882,42,4,1,1,0,0,1,0,0,0,0,1,0,0,0
4,53,0,2,4870,24,1,0,1,0,0,1,0,0,0,0,1,0,0,0
5,35,0,1,9055,36,3,1,1,0,0,0,0,0,0,1,0,0,0,1
6,53,0,2,2835,24,4,1,0,1,0,0,0,1,0,0,0,0,0,1
7,35,0,3,6948,36,1,1,0,0,1,1,0,0,0,0,0,1,0,0
8,61,0,1,3059,12,5,1,0,1,0,0,0,0,1,0,0,0,0,1
9,28,0,3,5234,30,1,0,0,1,0,1,0,0,0,0,0,1,0,0
10,25,1,2,1295,12,1,0,0,0,1,1,0,0,0,0,0,1,0,0
11,24,1,2,4308,48,0,0,0,0,1,1,0,0,0,0,1,0,0,0
12,22,1,2,1567,12,5,1,0,1,0,1,0,0,0,0,0,1,0,0
13,60,0,1,1199,24,1,0,0,1,0,1,0,0,0,0,1,0,0,0
14,28,1,2,1403,15,1,1,0,0,1,1,0,0,0,0,1,0,0,0
15,32,1,1,1282,24,5,0,0,1,0,0,1,0,0,0,1,0,0,0
16,53,0,2,2424,24,5,1,0,1,0,0,0,0,0,1,0,0,0,1
17,25,0,2,8072,30,0,1,0,1,0,0,0,0,0,1,1,0,0,0
18,44,1,3,12579,24,1,0,1,0,0,1,0,0,0,0,0,1,0,0
19,31,0,2,3430,24,5,1,0,1,0,0,0,1,0,0,0,0,0,1
20,48,0,2,2134,9,1,1,0,1,0,1,0,0,0,0,0,0,0,1
21,44,0,2,2647,6,5,1,0,0,1,0,0,1,0,0,1,0,0,0
22,48,0,1,2241,10,1,1,0,0,1,1,0,0,0,0,1,0,0,0
23,44,0,2,1804,12,1,1,0,1,0,0,1,0,0,0,0,1,0,0
24,26,0,2,2069,10,4,1,0,1,0,0,0,0,0,1,0,0,0,1
25,36,0,1,1374,6,4,1,0,1,0,1,0,0,0,0,1,0,0,0
26,39,0,1,426,6,5,1,0,1,0,1,0,0,0,0,0,0,0,1
27,42,1,2,409,12,5,1,0,0,1,0,0,0,1,0,0,0,1,0
28,34,0,2,2415,7,5,1,0,1,0,1,0,0,0,0,0,1,0,0
29,63,0,2,6836,60,0,0,0,1,0,1,0,0,0,0,1,0,0,0
30,36,0,2,1913,18,0,1,0,1,0,0,0,0,1,0,0,1,0,0
31,27,0,2,4020,24,4,1,0,1,0,1,0,0,0,0,1,0,0,0
32,30,0,2,5866,18,1,1,0,1,0,0,1,0,0,0,0,1,0,0
33,57,0,1,1264,12,0,1,0,0,1,0,0,0,0,1,0,0,0,1
34,33,1,3,1474,12,4,1,0,1,0,1,0,0,0,0,0,0,1,0
35,25,0,1,4746,45,5,0,0,1,0,1,0,0,0,0,0,1,0,0
36,31,0,2,6110,48,3,1,1,0,0,1,0,0,0,0,0,0,0,1
37,37,0,2,2100,18,5,0,0,1,0,1,0,0,0,0,0,0,1,0
38,37,0,2,1225,10,2,1,0,1,0,1,0,0,0,0,0,0,1,0
39,24,0,2,458,9,5,1,0,1,0,1,0,0,0,0,0,1,0,0
40,30,0,3,2333,30,5,1,0,1,0,0,0,1,0,0,0,0,0,1
41,26,0,2,1158,12,5,1,0,1,0,0,0,1,0,0,0,1,0,0
42,44,0,1,6204,18,6,1,0,1,0,1,0,0,0,0,0,1,0,0
43,24,0,2,6187,30,1,1,0,0,1,0,1,0,0,0,1,0,0,0
44,58,1,1,6143,48,1,0,1,0,0,1,0,0,0,0,1,0,0,0
45,35,1,3,1393,11,1,1,0,1,0,1,0,0,0,0,0,0,0,1
46,39,0,2,2299,36,5,1,0,1,0,0,0,1,0,0,0,0,0,1
47,23,1,0,1352,6,1,1,0,0,1,0,0,1,0,0,1,0,0,0
48,39,0,1,7228,11,1,1,0,1,0,1,0,0,0,0,0,0,0,1
49,28,1,2,2073,12,5,1,0,1,0,0,1,0,0,0,0,0,0,1
50,29,0,1,2333,24,4,1,0,1,0,0,0,0,0,1,0,1,0,0
51,30,0,3,5965,27,1,1,0,1,0,1,0,0,0,0,0,1,0,0
52,25,0,2,1262,12,5,1,0,1,0,1,0,0,0,0,0,0,0,1
53,31,0,2,3378,18,1,1,0,1,0,0,0,0,0,1,0,0,0,1
54,57,0,2,2225,36,1,0,1,0,0,1,0,0,0,0,0,1,0,0
55,26,0,1,783,6,1,1,0,1,0,0,0,0,0,1,0,0,0,1
56,52,0,3,6468,12,5,0,0,1,0,0,0,0,0,1,0,1,0,0
57,31,1,2,9566,36,5,1,0,1,0,1,0,0,0,0,0,0,0,1
58,23,1,3,1961,18,1,1,0,1,0,1,0,0,0,0,0,0,1,0
59,23,1,1,6229,36,4,0,0,0,1,1,0,0,0,0,1,0,0,0
60,27,0,2,1391,9,0,1,0,1,0,1,0,0,0,0,0,1,0,0
61,50,0,2,1537,15,5,1,0,1,0,0,0,0,0,1,0,1,0,0
62,61,0,3,1953,36,0,0,1,0,0,1,0,0,0,0,0,1,0,0
63,25,0,2,14421,48,0,0,0,1,0,1,0,0,0,0,0,1,0,0
64,26,1,2,3181,24,5,1,0,1,0,1,0,0,0,0,0,0,0,1
65,48,0,2,5190,27,6,1,0,1,0,0,0,0,0,1,0,0,0,1
66,29,1,2,2171,12,5,1,0,1,0,1,0,0,0,0,0,0,0,1
67,22,0,2,1007,12,1,1,0,1,0,0,0,0,1,0,0,1,0,0
68,37,0,2,1819,36,3,0,1,0,0,1,0,0,0,0,0,0,0,1
69,25,1,2,2394,36,5,1,0,1,0,0,0,0,0,1,0,0,0,1
70,30,1,2,8133,36,1,1,0,1,0,1,0,0,0,0,0,0,0,1
71,46,0,1,730,7,5,1,0,0,1,0,0,0,0,1,0,0,0,1
72,51,0,3,1164,8,7,1,1,0,0,1,0,0,0,0,1,0,0,0
73,41,1,1,5954,42,0,1,0,1,0,1,0,0,0,0,0,1,0,0
74,40,0,3,1977,36,3,0,0,1,0,0,0,0,0,1,1,0,0,0
75,66,0,3,1526,12,1,1,1,0,0,1,0,0,0,0,1,0,0,0
76,34,0,2,3965,42,5,0,0,1,0,1,0,0,0,0,1,0,0,0
77,51,0,2,4771,11,5,1,0,1,0,1,0,0,0,0,0,1,0,0
78,39,0,1,9436,54,1,1,0,1,0,0,0,0,0,1,0,0,0,1
79,22,0,2,3832,30,4,1,0,1,0,1,0,0,0,0,0,1,0,0
80,44,1,2,5943,24,5,0,0,1,0,0,0,0,0,1,0,0,0,1
81,47,0,2,1213,15,5,1,0,1,0,0,0,1,0,0,0,0,0,1
82,24,1,1,1568,18,0,1,0,0,1,0,1,0,0,0,0,0,0,1
83,58,1,1,1755,24,7,1,0,1,0,1,0,0,0,0,1,0,0,0
84,52,0,1,2315,10,5,1,0,1,0,1,0,0,0,0,1,0,0,0
85,29,1,3,1412,12,0,1,0,1,0,1,0,0,0,0,0,0,0,1
86,27,1,2,1295,18,4,1,0,1,0,1,0,0,0,0,0,1,0,0
87,47,0,2,12612,36,3,0,1,0,0,0,1,0,0,0,0,1,0,0
88,30,0,3,2249,18,1,1,0,1,0,0,1,0,0,0,1,0,0,0
89,28,0,2,1108,12,6,0,0,1,0,1,0,0,0,0,1,0,0,0
90,56,0,2,618,12,5,1,0,1,0,1,0,0,0,0,0,0,0,1
91,54,0,2,1409,12,1,1,0,1,0,1,0,0,0,0,1,0,0,0
92,33,1,1,797,12,5,0,0,1,0,0,0,0,0,1,0,0,0,1
93,20,0,2,3617,24,4,1,0,0,1,0,0,0,0,1,0,0,1,0
94,54,0,2,1318,12,1,1,0,1,0,0,0,0,1,0,0,1,0,0
95,58,0,2,15945,54,0,0,0,0,1,1,0,0,0,0,0,1,0,0
96,61,1,2,2012,12,3,1,0,1,0,0,0,0,0,1,0,0,0,1
97,34,0,2,2622,18,0,1,0,1,0,0,1,0,0,0,0,1,0,0
98,36,0,2,2337,36,5,1,0,1,0,1,0,0,0,0,0,1,0,0
99,36,0,3,7057,20,1,1,0,0,1,0,0,0,0,1,0,1,0,0
100,41,0,1,1469,24,1,1,0,0,1,0,1,0,0,0,0,0,0,1
101,24,0,2,2323,36,5,1,0,0,1,1,0,0,0,0,0,1,0,0
102,24,1,2,932,6,5,1,0,1,0,1,0,0,0,0,0,0,0,1
103,35,0,2,1919,9,4,1,0,0,1,1,0,0,0,0,0,1,0,0
104,26,0,2,2445,12,1,1,0,0,1,0,0,0,0,1,0,0,0,1
105,39,0,3,11938,24,7,0,0,1,0,1,0,0,0,0,0,1,0,0
106,39,0,3,6458,18,1,0,0,1,0,1,0,0,0,0,0,0,0,1
107,32,0,2,6078,12,1,1,0,1,0,1,0,0,0,0,0,1,0,0
108,30,1,2,7721,24,4,1,0,1,0,0,0,0,0,1,1,0,0,0
109,35,0,2,1410,14,0,1,0,1,0,0,0,1,0,0,0,1,0,0
110,31,0,2,1449,6,0,1,0,1,0,0,1,0,0,0,0,1,0,0
111,23,1,2,392,15,3,1,0,0,1,1,0,0,0,0,0,0,1,0
112,28,0,1,6260,18,1,1,0,0,1,1,0,0,0,0,0,1,0,0
113,25,1,2,7855,36,1,0,0,1,0,1,0,0,0,0,0,0,0,1
114,35,0,2,1680,12,5,1,0,1,0,0,0,1,0,0,1,0,0,0
115,47,0,2,3578,48,5,1,0,1,0,0,0,0,0,1,0,0,0,1
116,30,1,3,7174,42,5,0,0,1,0,0,0,0,0,1,1,0,0,0
117,27,1,2,2132,10,4,1,0,0,1,0,0,0,0,1,1,0,0,0
118,23,1,2,4281,33,4,0,0,1,0,0,0,1,0,0,1,0,0,0
119,36,0,3,2366,12,1,1,0,1,0,0,0,1,0,0,0,1,0,0
120,25,1,2,1835,21,5,0,0,1,0,1,0,0,0,0,1,0,0,0
121,41,1,3,3868,24,1,1,0,0,1,1,0,0,0,0,0,0,0,1
122,24,0,1,1768,12,4,1,0,0,1,1,0,0,0,0,0,0,0,1
123,63,0,2,781,10,1,1,1,0,0,1,0,0,0,0,0,0,1,0
124,27,1,2,1924,18,4,0,0,0,1,0,0,0,0,1,0,1,0,0
125,30,0,2,2121,12,1,1,0,1,0,1,0,0,0,0,1,0,0,0
126,40,0,1,701,12,5,1,0,1,0,1,0,0,0,0,1,0,0,0
127,30,0,2,639,12,6,0,0,1,0,1,0,0,0,0,0,1,0,0
128,34,0,3,1860,12,1,1,0,1,0,1,0,0,0,0,0,1,0,0
129,29,1,2,3499,12,1,0,0,1,0,1,0,0,0,0,1,0,0,0
130,24,1,2,8487,48,1,1,0,1,0,0,0,0,0,1,0,1,0,0
131,29,0,2,6887,36,3,0,0,1,0,1,0,0,0,0,1,0,0,0
132,27,0,1,2708,15,4,1,0,1,0,1,0,0,0,0,0,0,0,1
133,47,0,2,1984,18,4,1,1,0,0,1,0,0,0,0,0,0,0,1
134,21,1,2,10144,60,5,1,0,1,0,0,1,0,0,0,0,0,0,1
135,38,1,2,1240,12,5,1,0,1,0,0,0,0,0,1,0,0,0,1
136,27,0,2,8613,27,1,1,0,1,0,0,0,0,1,0,0,0,0,1
137,66,0,1,766,12,5,0,0,1,0,0,0,1,0,0,0,1,0,0
138,35,0,2,2728,15,5,1,0,1,0,0,0,0,0,1,0,1,0,0
139,44,1,1,1881,12,5,1,0,0,1,1,0,0,0,0,0,0,1,0
140,27,0,0,709,6,1,1,0,1,0,0,0,0,1,0,0,0,1,0
141,30,1,3,4795,36,5,1,0,1,0,1,0,0,0,0,0,1,0,0
142,27,0,3,3416,27,5,1,0,1,0,1,0,0,0,0,1,0,0,0
143,22,0,2,2462,18,4,0,0,1,0,1,0,0,0,0,1,0,0,0
144,23,1,2,2288,21,4,1,0,1,0,1,0,0,0,0,0,0,0,1
145,30,0,2,3566,48,0,1,0,1,0,0,1,0,0,0,0,1,0,0
146,39,1,2,860,6,1,1,0,1,0,1,0,0,0,0,1,0,0,0
147,51,1,2,682,12,1,1,0,1,0,0,1,0,0,0,0,0,0,1
148,28,0,2,5371,36,4,1,0,1,0,1,0,0,0,0,1,0,0,0
149,46,0,2,1582,18,5,1,0,1,0,0,0,0,1,0,0,0,0,1
150,42,0,2,1346,6,5,1,1,0,0,0,1,0,0,0,0,0,0,1
151,38,0,2,1924,10,5,1,0,1,0,1,0,0,0,0,0,0,0,1
152,24,0,2,5848,36,5,1,0,1,0,1,0,0,0,0,0,0,1,0
153,29,1,2,7758,24,1,1,0,0,1,0,0,0,1,0,0,1,0,0
154,36,0,3,6967,24,0,1,0,0,1,0,1,0,0,0,0,1,0,0
155,20,1,2,1282,12,4,0,0,0,1,1,0,0,0,0,1,0,0,0
156,48,0,2,1288,9,6,1,0,1,0,0,1,0,0,0,1,0,0,0
157,45,0,1,339,12,3,1,0,1,0,1,0,0,0,0,1,0,0,0
158,38,0,2,3512,24,1,1,0,1,0,0,1,0,0,0,0,1,0,0
159,34,0,1,1898,6,5,1,0,1,0,0,0,0,0,1,0,0,0,1
160,36,0,2,2872,24,5,1,0,1,0,0,1,0,0,0,0,0,0,1
161,30,1,2,1055,18,1,1,0,1,0,1,0,0,0,0,0,0,0,1
162,36,0,2,1262,15,2,1,0,1,0,0,0,1,0,0,0,0,0,1
163,70,0,3,7308,10,1,1,1,0,0,1,0,0,0,0,0,1,0,0
164,36,0,2,909,36,1,1,0,1,0,0,0,1,0,0,0,0,0,1
165,32,0,2,2978,6,4,1,0,1,0,0,0,1,0,0,0,0,0,1
166,33,1,2,1131,18,4,0,0,1,0,1,0,0,0,0,1,0,0,0
167,20,1,2,1577,11,4,1,0,1,0,0,0,0,1,0,0,1,0,0
168,25,1,2,3972,24,4,1,0,0,1,1,0,0,0,0,0,0,0,1
169,31,0,2,1935,24,0,0,0,1,0,1,0,0,0,0,0,1,0,0
170,33,0,2,950,15,1,0,0,0,1,1,0,0,0,0,1,0,0,0
171,26,1,2,763,12,4,1,0,1,0,1,0,0,0,0,0,0,0,1
172,34,1,3,2064,24,4,0,0,1,0,1,0,0,0,0,0,1,0,0
173,33,0,2,1414,8,5,1,0,1,0,1,0,0,0,0,0,1,0,0
174,26,0,2,3414,21,3,0,0,1,0,1,0,0,0,0,1,0,0,0
175,53,1,3,7485,30,1,0,0,1,0,0,0,0,0,1,0,0,0,1
176,42,0,2,2577,12,4,1,0,1,0,1,0,0,0,0,1,0,0,0
177,52,0,2,338,6,5,1,0,1,0,0,0,1,0,0,1,0,0,0
178,31,0,3,1963,12,5,1,0,0,1,1,0,0,0,0,0,0,0,1
179,65,0,2,571,21,1,1,0,1,0,1,0,0,0,0,1,0,0,0
180,28,0,2,9572,36,0,0,0,1,0,1,0,0,0,0,0,0,0,1
181,30,0,3,4455,36,0,0,0,1,0,1,0,0,0,0,0,1,0,0
182,40,0,1,1647,21,1,0,0,1,0,0,0,0,0,1,1,0,0,0
183,50,0,2,3777,24,4,1,0,1,0,0,0,0,1,0,0,0,0,1
184,36,0,2,884,18,1,0,0,1,0,1,0,0,0,0,0,1,0,0
185,31,0,2,1360,15,5,1,0,1,0,1,0,0,0,0,0,0,0,1
186,74,1,3,5129,9,1,0,1,0,0,1,0,0,0,0,0,1,0,0
187,68,0,0,1175,16,1,1,1,0,0,1,0,0,0,0,0,1,0,0
188,20,0,2,674,12,5,0,0,1,0,0,1,0,0,0,1,0,0,0
189,33,1,2,3244,18,4,1,0,1,0,1,0,0,0,0,0,1,0,0
190,54,0,3,4591,24,0,0,0,1,0,0,0,0,1,0,0,0,0,1
191,34,0,1,3844,48,0,0,1,0,0,0,1,0,0,0,0,1,0,0
192,36,0,2,3915,27,0,0,0,1,0,1,0,0,0,0,0,1,0,0
193,29,0,2,2108,6,5,1,0,0,1,1,0,0,0,0,0,0,0,1
194,21,0,2,3031,45,5,0,0,0,1,0,1,0,0,0,0,1,0,0
195,34,1,3,1501,9,3,0,0,1,0,1,0,0,0,0,0,1,0,0
196,28,1,2,1382,6,5,1,0,1,0,1,0,0,0,0,0,0,0,1
197,27,1,2,951,12,4,0,0,0,1,0,1,0,0,0,0,1,0,0
198,36,0,2,2760,24,1,1,1,0,0,0,0,0,0,1,0,1,0,0
199,40,0,3,4297,18,4,0,0,1,0,1,0,0,0,0,0,1,0,0
200,52,0,2,936,9,3,1,0,1,0,0,0,1,0,0,0,0,0,1
201,27,0,1,1168,12,1,1,0,1,0,1,0,0,0,0,1,0,0,0
202,26,0,2,5117,27,0,1,0,1,0,1,0,0,0,0,0,0,0,1
203,21,0,2,902,12,3,0,0,0,1,1,0,0,0,0,1,0,0,0
204,38,0,1,1495,12,1,1,0,1,0,1,0,0,0,0,0,0,0,1
205,38,0,3,10623,30,1,1,1,0,0,1,0,0,0,0,1,0,0,0
206,43,0,2,1935,12,4,1,0,1,0,1,0,0,0,0,0,0,0,1
207,26,0,2,1424,12,2,1,0,1,0,1,0,0,0,0,0,1,0,0
208,21,0,1,6568,24,0,1,0,1,0,1,0,0,0,0,1,0,0,0
209,55,0,2,1413,12,1,1,0,1,0,0,0,0,1,0,0,0,0,1
210,33,0,2,3074,9,5,1,0,1,0,0,0,0,0,1,0,0,0,1
211,45,1,1,3835,36,5,1,0,1,0,0,0,0,0,1,0,0,0,1
212,50,0,2,5293,27,0,0,0,1,0,1,0,0,0,0,1,0,0,0
213,66,0,3,1908,30,0,0,0,1,0,1,0,0,0,0,0,0,1,0
214,51,0,2,3342,36,5,1,0,1,0,0,0,0,0,1,0,0,0,1
215,39,1,1,932,6,3,1,0,1,0,0,0,0,0,1,0,1,0,0
216,31,0,2,3104,18,0,1,0,1,0,1,0,0,0,0,1,0,0,0
217,23,0,2,3913,36,5,1,0,1,0,1,0,0,0,0,0,0,1,0
218,24,0,1,3021,24,4,1,0,0,1,1,0,0,0,0,1,0,0,0
219,64,1,2,1364,10,1,1,0,1,0,1,0,0,0,0,0,0,0,1
220,26,0,1,625,12,5,1,0,1,0,1,0,0,0,0,0,1,0,0
221,23,1,2,1200,12,3,1,0,0,1,0,0,0,0,1,1,0,0,0
222,30,0,2,707,12,5,1,0,1,0,1,0,0,0,0,0,0,0,1
223,32,0,2,2978,24,0,1,0,1,0,0,0,0,0,1,0,0,0,1
224,30,0,2,4657,15,1,1,0,1,0,1,0,0,0,0,0,0,0,1
225,27,0,2,2613,36,6,1,0,1,0,1,0,0,0,0,0,0,0,1
226,27,0,2,10961,48,5,0,0,1,0,0,0,0,1,0,0,1,0,0
227,53,0,3,7865,12,4,0,1,0,0,1,0,0,0,0,1,0,0,0
228,22,0,2,1478,9,5,0,0,1,0,1,0,0,0,0,0,0,0,1
229,22,0,2,3149,24,4,1,1,0,0,1,0,0,0,0,1,0,0,0
230,26,0,2,4210,36,5,0,0,1,0,1,0,0,0,0,0,0,1,0
231,51,0,1,2507,9,1,1,1,0,0,0,0,1,0,0,0,0,0,1
232,35,0,2,2141,12,5,1,0,1,0,0,1,0,0,0,0,0,0,1
233,25,0,1,866,18,5,1,0,1,0,1,0,0,0,0,0,1,0,0
234,42,0,1,1544,4,5,1,0,1,0,1,0,0,0,0,0,0,0,1
235,30,0,3,1823,24,5,0,0,1,0,1,0,0,0,0,1,0,0,0
236,23,0,0,14555,6,1,0,0,1,0,0,0,0,0,1,0,1,0,0
237,61,0,1,2767,21,0,0,0,0,1,0,1,0,0,0,0,1,0,0
238,35,1,2,1291,12,5,1,0,1,0,1,0,0,0,0,0,0,0,1
239,39,0,2,2522,30,5,1,0,1,0,1,0,0,0,0,1,0,0,0
240,29,1,2,915,24,1,0,0,1,0,0,0,0,0,1,1,0,0,0
241,51,0,2,1595,6,5,1,0,1,0,1,0,0,0,0,0,0,0,1
242,24,0,2,4605,48,1,0,1,0,0,1,0,0,0,0,1,0,0,0
243,27,1,2,1185,12,0,1,0,1,0,1,0,0,0,0,0,0,0,1
244,35,1,1,3447,12,3,1,0,1,0,0,0,1,0,0,0,0,0,1
245,25,0,2,1258,24,0,1,0,1,0,1,0,0,0,0,0,0,0,1
246,52,0,2,717,12,5,1,0,1,0,1,0,0,0,0,0,0,0,1
247,35,0,2,1204,6,1,1,0,0,1,0,1,0,0,0,0,0,0,1
248,26,0,2,1925,24,4,1,0,1,0,1,0,0,0,0,0,0,1,0
249,22,1,2,433,18,5,0,0,0,1,1,0,0,0,0,0,0,0,1
250,39,1,1,666,6,1,1,0,1,0,0,0,0,1,0,1,0,0,0
251,46,1,1,2251,12,4,1,0,1,0,1,0,0,0,0,0,0,1,0
252,24,1,2,2150,30,1,0,0,1,0,1,0,0,0,0,0,1,0,0
253,35,0,2,4151,24,4,1,0,1,0,0,1,0,0,0,0,0,0,1
254,24,0,2,2030,9,4,1,0,1,0,0,0,0,0,1,0,1,0,0
255,27,0,1,7418,60,5,1,0,1,0,0,0,0,0,1,0,1,0,0
256,35,0,1,2684,24,5,1,0,1,0,1,0,0,0,0,0,0,0,1
257,29,0,2,2149,12,5,0,1,0,0,1,0,0,0,0,1,0,0,0
258,23,1,2,3812,15,1,1,0,1,0,0,1,0,0,0,0,0,0,1
259,57,1,1,1154,11,5,1,0,1,0,0,1,0,0,0,0,0,0,1
260,27,0,2,1657,12,4,1,0,1,0,1,0,0,0,0,1,0,0,0
261,55,1,2,1603,24,5,1,0,1,0,1,0,0,0,0,1,0,0,0
262,36,0,3,5302,18,1,1,1,0,0,1,0,0,0,0,1,0,0,0
263,57,1,1,2748,12,3,1,1,0,0,1,0,0,0,0,0,0,0,1
264,32,0,1,1231,10,1,1,0,1,0,1,0,0,0,0,0,0,0,1
265,37,0,2,802,15,5,0,0,1,0,1,0,0,0,0,0,1,0,0
266,36,0,2,6304,36,0,1,0,1,0,0,0,0,0,1,0,0,0,1
267,38,1,2,1533,24,5,1,0,1,0,1,0,0,0,0,0,0,0,1
268,45,0,3,8978,14,1,0,0,1,0,1,0,0,0,0,1,0,0,0
269,25,0,2,999,24,5,1,0,1,0,0,0,0,0,1,0,0,0,1
270,32,0,2,2662,18,1,1,0,1,0,0,0,0,0,1,0,0,0,1
271,37,1,2,1402,12,4,1,0,0,1,0,0,1,0,0,0,0,0,1
272,36,0,3,12169,48,1,1,1,0,0,0,0,0,0,1,0,1,0,0
273,28,0,2,3060,48,5,0,0,1,0,1,0,0,0,0,0,1,0,0
274,34,0,1,11998,30,6,0,0,1,0,1,0,0,0,0,1,0,0,0
275,32,0,2,2697,9,5,1,0,1,0,1,0,0,0,0,0,0,0,1
276,26,1,2,2404,18,5,1,0,1,0,1,0,0,0,0,0,0,0,1
277,49,0,1,1262,12,4,1,0,1,0,0,0,0,0,1,1,0,0,0
278,32,1,2,4611,6,4,0,0,1,0,1,0,0,0,0,0,0,0,1
279,29,0,3,1901,24,5,1,0,0,1,0,1,0,0,0,0,0,0,1
280,23,0,2,3368,15,1,1,0,0,1,0,0,0,1,0,0,0,0,1
281,50,0,2,1574,12,4,1,0,1,0,1,0,0,0,0,0,0,0,1
282,49,0,1,1445,18,5,1,0,1,0,0,0,0,0,1,0,0,1,0
283,63,0,2,1520,15,4,1,0,1,0,0,0,0,0,1,0,0,0,1
284,37,0,2,3878,24,1,1,0,1,0,0,1,0,0,0,0,1,0,0
285,35,1,1,10722,47,1,1,0,1,0,1,0,0,0,0,1,0,0,0
286,26,0,2,4788,48,1,1,0,1,0,1,0,0,0,0,1,0,0,0
287,31,0,3,7582,48,7,1,1,0,0,0,1,0,0,0,0,1,0,0
288,49,1,2,1092,12,5,1,0,1,0,1,0,0,0,0,0,1,0,0
289,48,0,2,1024,24,5,0,0,1,0,1,0,0,0,0,1,0,0,0
290,26,0,2,1076,12,0,1,0,1,0,1,0,0,0,0,0,0,0,1
291,28,0,3,9398,36,1,0,0,0,1,1,0,0,0,0,0,1,0,0
292,44,1,3,6419,24,1,1,1,0,0,1,0,0,0,0,1,0,0,0
293,56,0,2,4796,42,1,1,1,0,0,1,0,0,0,0,0,0,1,0
294,46,0,3,7629,48,0,1,0,1,0,0,0,0,0,1,0,0,0,1
295,26,1,2,9960,48,4,0,0,1,0,1,0,0,0,0,0,1,0,0
296,20,1,2,4675,12,1,1,0,0,1,0,0,0,0,1,0,0,0,1
297,45,0,1,1287,10,1,1,0,1,0,0,0,0,0,1,0,0,0,1
298,43,0,2,2515,18,4,1,0,1,0,1,0,0,0,0,0,0,0,1
299,32,0,2,2745,21,4,1,0,1,0,0,0,0,1,0,0,1,0,0
300,54,1,0,672,6,1,1,0,1,0,1,0,0,0,0,0,0,0,1
301,42,1,2,3804,36,5,0,0,1,0,1,0,0,0,0,0,1,0,0
302,37,0,1,1344,24,1,0,0,1,0,0,0,0,0,1,0,0,1,0
303,49,0,2,1038,10,1,1,0,1,0,1,0,0,0,0,1,0,0,0
304,44,0,2,10127,48,1,0,1,0,0,0,0,1,0,0,0,0,0,1
305,33,0,2,1543,6,4,1,0,1,0,0,0,0,1,0,0,0,0,1
306,24,1,1,4811,30,1,1,0,0,1,0,0,0,0,1,0,0,0,1
307,33,0,1,727,12,5,0,0,1,0,0,1,0,0,0,1,0,0,0
308,24,1,2,1237,8,4,0,0,1,0,1,0,0,0,0,0,1,0,0
309,22,0,1,276,9,1,1,0,0,1,1,0,0,0,0,0,1,0,0
310,40,0,0,5381,48,7,1,1,0,0,0,0,0,0,1,0,1,0,0
311,25,0,2,5511,24,4,1,0,1,0,0,1,0,0,0,0,0,0,1
312,26,1,2,3749,24,4,1,0,1,0,1,0,0,0,0,0,0,1,0
313,25,0,1,685,12,1,0,0,1,0,1,0,0,0,0,0,1,0,0
314,29,0,1,1494,4,1,1,0,1,0,0,0,0,0,1,0,0,1,0
315,31,0,2,2746,36,4,0,0,1,0,1,0,0,0,0,1,0,0,0
316,38,0,1,708,12,4,1,0,1,0,1,0,0,0,0,1,0,0,0
317,48,1,1,4351,24,4,1,0,1,0,0,0,0,0,1,0,1,0,0
318,32,0,2,701,12,3,1,0,1,0,1,0,0,0,0,0,0,0,1
319,27,1,1,3643,15,4,1,0,1,0,1,0,0,0,0,1,0,0,0
320,28,0,3,4249,30,1,0,0,1,0,1,0,0,0,0,0,1,0,0
321,32,0,2,1938,24,5,0,0,1,0,1,0,0,0,0,1,0,0,0
322,34,0,3,2910,24,1,1,1,0,0,1,0,0,0,0,1,0,0,0
323,28,0,2,2659,18,4,1,0,1,0,0,0,0,1,0,1,0,0,0
324,36,1,2,1028,18,1,1,0,1,0,1,0,0,0,0,0,0,0,1
325,39,0,1,3398,8,1,1,0,1,0,1,0,0,0,0,1,0,0,0
326,49,0,2,5801,12,4,1,0,0,1,0,0,0,0,1,0,0,0,1
327,34,1,2,1525,24,1,1,0,1,0,0,0,0,1,0,0,0,0,1
328,31,0,2,4473,36,5,1,0,1,0,1,0,0,0,0,0,0,1,0
329,28,0,2,1068,6,5,1,0,1,0,1,0,0,0,0,0,1,0,0
330,75,0,3,6615,24,1,1,1,0,0,1,0,0,0,0,1,0,0,0
331,30,1,2,1864,18,3,0,0,1,0,0,1,0,0,0,0,0,0,1
332,24,1,3,7408,60,1,0,0,1,0,0,1,0,0,0,0,1,0,0
333,24,1,1,11590,48,1,0,0,0,1,0,1,0,0,0,0,0,0,1
334,23,0,2,4110,24,4,0,0,0,1,1,0,0,0,0,1,0,0,0
335,44,0,3,3384,6,4,0,0,0,1,1,0,0,0,0,1,0,0,0
336,23,1,1,2101,13,5,1,0,1,0,1,0,0,0,0,0,1,0,0
337,24,1,2,1275,15,2,0,0,0,1,0,0,0,0,1,1,0,0,0
338,28,0,2,4169,24,4,1,0,1,0,1,0,0,0,0,1,0,0,0
339,31,0,1,1521,10,4,1,0,1,0,1,0,0,0,0,0,1,0,0
340,24,1,2,5743,24,3,1,1,0,0,1,0,0,0,0,0,1,0,0
341,26,1,1,3599,21,4,1,0,0,1,1,0,0,0,0,1,0,0,0
342,25,0,2,3213,18,5,1,0,0,1,0,0,1,0,0,0,1,0,0
343,33,0,3,4439,18,0,1,0,1,0,1,0,0,0,0,0,1,0,0
344,37,0,1,3949,10,1,1,0,1,0,1,0,0,0,0,0,0,1,0
345,43,1,1,1459,15,5,1,0,1,0,1,0,0,0,0,0,0,0,1
346,23,0,2,882,13,5,1,0,1,0,1,0,0,0,0,0,1,0,0
347,23,1,0,3758,24,5,1,0,0,1,0,0,1,0,0,0,1,0,0
348,34,0,1,1743,6,0,1,0,1,0,0,1,0,0,0,0,0,0,1
349,32,0,2,1136,9,3,0,1,0,0,0,0,0,1,0,0,1,0,0
350,23,1,2,1236,9,2,1,0,0,1,1,0,0,0,0,0,0,0,1
351,29,1,2,959,9,4,0,0,1,0,1,0,0,0,0,0,1,0,0
352,38,0,3,3229,18,1,1,0,1,0,0,0,0,0,1,0,0,0,1
353,28,0,2,6199,12,5,0,0,0,1,1,0,0,0,0,1,0,0,0
354,46,0,2,727,10,3,1,1,0,0,0,0,1,0,0,0,0,0,1
355,23,0,1,1246,24,1,0,0,1,0,1,0,0,0,0,0,1,0,0
356,49,0,2,2331,12,5,1,0,1,0,0,0,0,0,1,0,0,0,1
357,26,0,3,4463,36,5,0,0,1,0,1,0,0,0,0,0,0,0,1
358,28,0,2,776,12,5,1,0,1,0,1,0,0,0,0,0,0,0,1
359,23,1,2,2406,30,4,0,0,0,1,1,0,0,0,0,1,0,0,0
360,61,0,2,1239,18,3,1,1,0,0,0,0,0,0,1,0,1,0,0
361,37,0,3,3399,12,5,1,0,1,0,0,0,0,0,1,0,0,1,0
362,36,1,2,2247,12,1,1,0,1,0,1,0,0,0,0,0,0,1,0
363,21,0,2,1766,6,4,1,0,0,1,1,0,0,0,0,0,0,0,1
364,25,0,0,2473,18,4,0,0,1,0,1,0,0,0,0,1,0,0,0
365,36,0,2,1542,12,0,1,0,1,0,1,0,0,0,0,0,0,0,1
366,27,0,2,3850,18,1,1,0,1,0,1,0,0,0,0,0,0,0,1
367,22,1,2,3650,18,4,1,0,0,1,1,0,0,0,0,1,0,0,0
368,42,0,2,3446,36,4,0,0,1,0,1,0,0,0,0,1,0,0,0
369,40,1,2,3001,18,4,1,0,0,1,1,0,0,0,0,0,1,0,0
370,36,0,2,3079,36,1,1,0,1,0,0,0,0,0,1,0,0,0,1
371,33,0,2,6070,18,5,1,0,1,0,1,0,0,0,0,0,0,0,1
372,23,1,2,2146,10,4,1,0,0,1,1,0,0,0,0,0,0,0,1
373,63,0,3,13756,60,1,1,1,0,0,0,0,0,0,1,0,0,0,1
374,60,1,3,14782,60,7,0,1,0,0,0,1,0,0,0,0,1,0,0
375,37,1,2,7685,48,0,0,0,0,1,1,0,0,0,0,1,0,0,0
376,34,0,2,2320,18,5,1,0,1,0,1,0,0,0,0,0,0,0,1
377,36,0,2,846,7,5,1,1,0,0,0,0,0,0,1,0,0,0,1
378,57,0,3,14318,36,1,0,1,0,0,1,0,0,0,0,0,1,0,0
379,52,1,1,362,6,1,1,0,1,0,0,1,0,0,0,0,0,0,1
380,39,0,2,2212,20,4,1,0,1,0,0,0,0,0,1,1,0,0,0
381,38,1,3,12976,18,1,0,1,0,0,1,0,0,0,0,0,1,0,0
382,25,1,2,1283,22,1,1,0,0,1,0,0,0,0,1,0,0,0,1
383,26,0,2,1330,12,1,1,0,1,0,1,0,0,0,0,0,0,1,0
384,26,0,1,4272,30,0,1,0,1,0,0,1,0,0,0,0,0,0,1
385,25,1,2,2238,18,5,1,0,1,0,1,0,0,0,0,0,0,0,1
386,21,1,2,1126,18,5,1,0,0,1,0,0,0,0,1,0,0,0,1
387,40,0,3,7374,18,4,1,0,1,0,1,0,0,0,0,0,1,0,0
388,27,0,2,2326,15,0,1,0,1,0,0,0,1,0,0,0,1,0,0
389,27,1,2,1449,9,0,1,0,1,0,1,0,0,0,0,0,0,0,1
390,30,0,3,1820,18,1,1,0,1,0,1,0,0,0,0,0,0,0,1
391,19,1,1,983,12,4,1,0,0,1,0,0,0,1,0,0,1,0,0
392,39,0,3,3249,36,1,1,1,0,0,1,0,0,0,0,1,0,0,0
393,31,1,2,1957,6,5,1,0,1,0,1,0,0,0,0,1,0,0,0
394,31,0,3,2406,9,4,1,0,1,0,1,0,0,0,0,0,0,0,1
395,32,0,2,11760,39,3,1,0,0,1,0,1,0,0,0,0,1,0,0
396,55,1,3,2578,12,4,1,1,0,0,1,0,0,0,0,1,0,0,0
397,46,0,2,2348,36,4,1,0,1,0,1,0,0,0,0,1,0,0,0
398,46,0,2,1223,12,1,0,0,0,1,1,0,0,0,0,0,1,0,0
399,43,1,1,1516,24,5,1,0,1,0,0,0,0,1,0,0,0,0,1
400,39,0,2,1473,18,5,1,0,1,0,1,0,0,0,0,0,0,0,1
401,28,0,2,1887,18,0,1,0,1,0,0,0,0,0,1,0,1,0,0
402,27,0,2,8648,24,0,0,0,1,0,1,0,0,0,0,0,0,0,1
403,27,0,1,802,14,1,1,0,1,0,1,0,0,0,0,0,0,0,1
404,43,0,2,2899,18,1,1,0,1,0,0,0,0,0,1,0,1,0,0
405,22,0,2,2039,24,5,0,0,1,0,1,0,0,0,0,0,1,0,0
406,43,0,2,2197,24,1,1,0,1,0,0,0,0,0,1,0,0,0,1
407,27,0,2,1053,15,5,1,0,1,0,1,0,0,0,0,1,0,0,0
408,26,0,3,3235,24,5,1,0,1,0,0,0,1,0,0,0,0,0,1
409,28,0,2,939,12,1,0,0,1,0,0,0,1,0,0,0,0,1,0
410,20,1,2,1967,24,5,1,0,1,0,1,0,0,0,0,0,1,0,0
411,35,0,3,7253,33,1,1,0,1,0,1,0,0,0,0,0,0,0,1
412,42,0,3,2292,12,0,0,0,1,0,1,0,0,0,0,0,0,0,1
413,40,0,1,1597,10,1,1,0,0,1,0,0,1,0,0,0,0,0,1
414,35,1,2,1381,24,1,0,0,1,0,0,0,0,0,1,1,0,0,0
415,35,0,2,5842,36,1,1,0,1,0,1,0,0,0,0,0,0,0,1
416,33,0,1,2579,12,1,0,0,1,0,1,0,0,0,0,1,0,0,0
417,23,1,2,8471,18,3,1,0,0,1,0,0,0,0,1,1,0,0,0
418,31,1,3,2782,21,1,1,0,1,0,0,0,1,0,0,0,0,0,1
419,33,1,2,1042,18,1,0,0,1,0,0,0,0,0,1,0,1,0,0
420,20,1,2,3186,15,1,1,0,0,1,0,0,0,1,0,0,0,0,1
421,30,0,2,2028,12,1,1,0,1,0,0,0,0,0,1,0,1,0,0
422,47,0,1,958,12,1,1,0,1,0,1,0,0,0,0,0,1,0,0
423,34,0,3,1591,21,4,1,0,1,0,0,1,0,0,0,0,0,0,1
424,25,1,2,2762,12,4,0,0,1,0,0,0,0,0,1,0,1,0,0
425,21,0,2,2779,18,1,1,0,0,1,1,0,0,0,0,0,1,0,0
426,29,0,2,2743,28,5,1,0,1,0,1,0,0,0,0,0,0,0,1
427,46,0,2,1149,18,5,1,0,1,0,0,0,0,1,0,0,0,0,1
428,20,0,2,1313,9,4,1,0,1,0,1,0,0,0,0,0,0,0,1
429,55,1,0,1190,18,6,0,1,0,0,1,0,0,0,0,1,0,0,0
430,74,0,1,3448,5,0,1,0,1,0,1,0,0,0,0,0,0,0,1
431,29,0,3,11328,24,7,0,0,1,0,1,0,0,0,0,0,1,0,0
432,36,0,3,1872,6,4,1,1,0,0,1,0,0,0,0,1,0,0,0
433,33,0,2,2058,24,6,1,0,1,0,1,0,0,0,0,0,0,0,1
434,25,0,2,2136,9,4,1,0,1,0,1,0,0,0,0,1,0,0,0
435,25,0,2,1484,12,5,0,0,1,0,0,0,0,0,1,0,1,0,0
436,23,0,1,660,6,6,1,0,0,1,0,0,1,0,0,0,0,0,1
437,37,1,2,1287,24,1,1,0,1,0,0,0,0,1,0,0,0,0,1
438,65,0,0,3394,42,6,1,0,1,0,1,0,0,0,0,1,0,0,0
439,26,1,0,609,12,0,0,0,1,0,1,0,0,0,0,0,0,1,0
440,39,0,3,1884,12,1,1,0,1,0,1,0,0,0,0,0,0,0,1
441,30,1,2,1620,12,4,1,0,1,0,1,0,0,0,0,1,0,0,0
442,29,0,2,2629,20,7,1,0,1,0,1,0,0,0,0,0,1,0,0
443,41,0,1,719,12,3,0,0,1,0,1,0,0,0,0,0,0,0,1
444,30,1,3,5096,48,4,0,0,1,0,1,0,0,0,0,0,1,0,0
445,41,1,1,1244,9,3,1,0,0,1,0,0,0,0,1,0,0,0,1
446,34,1,2,1842,36,1,0,0,1,0,1,0,0,0,0,1,0,0,0
447,35,0,2,2576,7,5,1,0,1,0,1,0,0,0,0,0,1,0,0
448,55,1,3,1424,12,4,1,0,1,0,0,0,0,0,1,0,0,1,0
449,61,0,2,1512,15,6,0,0,1,0,0,0,0,1,0,0,1,0,0
450,30,0,3,11054,36,1,1,0,1,0,0,0,0,0,1,0,0,0,1
451,29,1,2,518,6,5,1,0,1,0,1,0,0,0,0,0,0,0,1
452,34,0,2,2759,12,4,1,0,1,0,1,0,0,0,0,0,0,0,1
453,35,0,3,2670,24,1,1,0,1,0,1,0,0,0,0,0,0,0,1
454,31,0,2,4817,24,1,0,0,1,0,1,0,0,0,0,1,0,0,0
455,29,1,3,2679,24,1,1,0,1,0,1,0,0,0,0,0,0,0,1
456,36,0,2,3905,11,1,1,0,0,1,1,0,0,0,0,1,0,0,0
457,35,0,2,3386,12,1,0,1,0,0,1,0,0,0,0,1,0,0,0
458,27,1,2,343,6,2,1,0,1,0,1,0,0,0,0,1,0,0,0
459,32,0,2,4594,18,5,1,0,1,0,1,0,0,0,0,0,0,0,1
460,37,0,2,3620,36,4,1,0,1,0,1,0,0,0,0,1,0,0,0
461,36,0,2,1721,15,1,1,0,1,0,1,0,0,0,0,1,0,0,0
462,34,1,3,3017,12,4,1,0,0,1,1,0,0,0,0,0,1,0,0
463,38,0,2,754,12,3,1,0,1,0,0,0,0,0,1,0,1,0,0
464,34,0,2,1950,18,0,1,0,1,0,1,0,0,0,0,0,0,0,1
465,63,0,2,2924,24,1,1,0,1,0,1,0,0,0,0,1,0,0,0
466,29,1,1,1659,24,5,0,0,0,1,1,0,0,0,0,1,0,0,0
467,32,0,2,7238,48,5,1,0,1,0,0,0,0,0,1,0,0,0,1
468,26,1,2,2764,33,0,1,0,1,0,1,0,0,0,0,0,0,0,1
469,35,0,1,4679,24,1,1,0,1,0,1,0,0,0,0,0,0,0,1
470,22,0,2,3092,24,5,0,0,0,1,0,1,0,0,0,0,1,0,0
471,23,1,2,448,6,3,0,0,1,0,1,0,0,0,0,1,0,0,0
472,28,0,1,654,9,1,0,0,1,0,1,0,0,0,0,1,0,0,0
473,36,0,3,1238,6,3,1,0,1,0,0,0,0,0,1,0,0,0,1
474,33,0,2,1245,18,5,0,0,1,0,1,0,0,0,0,0,1,0,0
475,26,1,2,3114,18,4,0,0,0,1,1,0,0,0,0,1,0,0,0
476,24,0,2,2569,39,1,1,0,1,0,0,0,1,0,0,0,0,0,1
477,25,0,2,5152,24,5,1,0,1,0,1,0,0,0,0,0,0,1,0
478,39,0,1,1037,12,0,1,0,1,0,0,1,0,0,0,0,1,0,0
479,44,0,2,1478,15,4,1,0,1,0,1,0,0,0,0,1,0,0,0
480,23,1,1,3573,12,5,1,0,1,0,1,0,0,0,0,0,1,0,0
481,26,0,2,1201,24,1,1,0,1,0,1,0,0,0,0,0,1,0,0
482,57,1,2,3622,30,4,1,0,0,1,0,0,0,1,0,1,0,0,0
483,30,1,2,960,15,4,1,0,1,0,0,0,0,1,0,0,0,0,1
484,44,0,2,1163,12,1,1,0,1,0,0,0,1,0,0,0,0,0,1
485,47,0,3,1209,6,1,0,0,1,0,1,0,0,0,0,0,1,0,0
486,52,0,2,3077,12,5,1,0,1,0,1,0,0,0,0,0,0,0,1
487,62,1,2,3757,24,1,1,1,0,0,1,0,0,0,0,0,0,0,1
488,35,0,1,1418,10,1,1,0,0,1,0,1,0,0,0,0,0,0,1
489,26,0,2,3518,6,1,1,0,0,1,1,0,0,0,0,0,0,0,1
490,26,0,2,1934,12,5,1,0,1,0,1,0,0,0,0,0,0,0,1
491,42,1,3,8318,27,0,0,1,0,0,1,0,0,0,0,0,1,0,0
492,27,1,2,1237,6,5,1,0,1,0,0,1,0,0,0,0,0,0,1
493,38,0,2,368,6,5,1,0,1,0,0,0,0,0,1,0,1,0,0
494,39,0,1,2122,12,1,1,0,0,1,1,0,0,0,0,1,0,0,0
495,20,0,2,2996,24,4,0,0,1,0,0,0,0,0,1,1,0,0,0
496,29,0,3,9034,36,4,0,0,0,1,0,1,0,0,0,0,1,0,0
497,40,0,2,1585,24,4,1,0,1,0,1,0,0,0,0,0,0,0,1
498,32,0,1,1301,18,5,1,0,1,0,1,0,0,0,0,0,1,0,0
499,28,0,2,1323,6,1,1,0,1,0,0,1,0,0,0,0,0,1,0
500,27,1,2,3123,24,1,0,0,1,0,1,0,0,0,0,1,0,0,0
501,42,0,2,5493,36,1,1,1,0,0,1,0,0,0,0,1,0,0,0
502,49,0,2,1126,9,5,1,0,1,0,0,1,0,0,0,0,0,1,0
503,38,0,2,1216,24,5,0,0,1,0,0,1,0,0,0,0,1,0,0
504,24,1,2,1207,24,1,0,0,0,1,1,0,0,0,0,1,0,0,0
505,27,0,1,1309,10,1,0,0,1,0,0,0,0,0,1,0,0,0,1
506,36,0,2,2360,15,1,1,0,1,0,0,0,1,0,0,0,0,1,0
507,34,0,3,6850,15,1,0,0,1,0,0,1,0,0,0,0,1,0,0
508,28,0,2,1413,24,5,1,0,1,0,1,0,0,0,0,0,0,0,1
509,45,0,3,8588,39,1,1,0,1,0,0,1,0,0,0,0,0,0,1
510,26,0,2,759,12,1,0,0,1,0,1,0,0,0,0,1,0,0,0
511,32,0,3,4686,36,1,1,1,0,0,1,0,0,0,0,0,0,0,1
512,26,0,2,2687,15,0,1,0,0,1,1,0,0,0,0,0,0,1,0
513,20,0,2,585,12,5,1,0,0,1,1,0,0,0,0,0,1,0,0
514,54,0,2,2255,24,1,1,0,1,0,0,0,0,0,1,0,0,0,1
515,37,1,2,609,6,1,1,0,1,0,1,0,0,0,0,1,0,0,0
516,40,0,1,1361,6,1,1,0,1,0,1,0,0,0,0,1,0,0,0
517,23,1,2,7127,36,4,0,0,0,1,1,0,0,0,0,0,0,0,1
518,43,0,2,1203,6,1,1,0,1,0,0,1,0,0,0,1,0,0,0
519,36,0,2,700,6,5,1,1,0,0,0,0,0,0,1,0,0,0,1
520,44,0,2,5507,24,6,1,1,0,0,1,0,0,0,0,0,0,0,1
521,24,1,2,3190,18,5,0,0,1,0,1,0,0,0,0,1,0,0,0
522,53,0,2,7119,48,4,0,1,0,0,1,0,0,0,0,1,0,0,0
523,23,1,2,3488,24,1,1,0,1,0,0,1,0,0,0,0,0,0,1
524,26,1,1,1113,18,5,1,0,1,0,1,0,0,0,0,0,1,0,0
525,30,0,2,7966,26,1,1,0,1,0,1,0,0,0,0,0,1,0,0
526,31,1,2,1532,15,3,1,0,1,0,0,1,0,0,0,0,0,0,1
527,42,0,1,1503,4,5,1,0,1,0,1,0,0,0,0,0,0,0,1
528,31,0,2,2302,36,5,0,0,0,1,1,0,0,0,0,1,0,0,0
529,41,0,1,662,6,1,1,0,1,0,1,0,0,0,0,1,0,0,0
530,32,0,2,2273,36,3,1,0,1,0,1,0,0,0,0,0,1,0,0
531,28,1,2,2631,15,1,0,0,0,1,0,1,0,0,0,0,1,0,0
532,41,0,2,1503,12,1,1,0,0,1,1,0,0,0,0,0,0,0,1
533,26,0,2,1311,24,5,1,0,1,0,0,1,0,0,0,0,0,0,1
534,25,0,2,3105,24,5,1,0,1,0,0,0,0,0,1,0,0,0,1
535,33,0,2,2319,21,3,0,0,0,1,1,0,0,0,0,0,0,1,0
536,75,1,3,1374,6,1,1,0,1,0,0,0,0,0,1,1,0,0,0
537,37,1,2,3612,18,4,1,0,1,0,1,0,0,0,0,0,1,0,0
538,42,0,3,7763,48,1,0,1,0,0,1,0,0,0,0,1,0,0,0
539,45,1,1,3049,18,4,1,0,1,0,1,0,0,0,0,0,0,1,0
540,23,0,2,1534,12,5,0,0,0,1,1,0,0,0,0,0,1,0,0
541,60,0,2,2032,24,1,1,1,0,0,1,0,0,0,0,0,0,0,1
542,31,0,2,6350,30,4,0,0,1,0,0,0,0,0,1,1,0,0,0
543,34,0,1,2864,18,4,0,0,1,0,1,0,0,0,0,0,0,1,0
544,61,0,1,1255,12,1,1,0,1,0,1,0,0,0,0,0,0,0,1
545,43,0,2,1333,24,1,0,1,0,0,1,0,0,0,0,1,0,0,0
546,37,1,2,2022,24,1,1,0,1,0,1,0,0,0,0,0,0,0,1
547,32,0,2,1552,24,5,1,0,1,0,1,0,0,0,0,0,0,0,1
548,24,1,1,626,12,5,0,0,1,0,1,0,0,0,0,1,0,0,0
549,35,0,2,8858,48,1,1,1,0,0,0,0,0,0,1,0,0,0,1
550,23,1,2,996,12,6,1,0,1,0,0,0,0,0,1,0,0,0,1
551,45,0,1,1750,6,5,1,0,1,0,0,0,1,0,0,0,0,0,1
552,34,0,2,6999,48,5,0,0,1,0,1,0,0,0,0,1,0,0,0
553,27,0,2,1995,12,1,1,0,1,0,0,1,0,0,0,0,1,0,0
554,67,1,3,1199,9,3,1,0,1,0,1,0,0,0,0,0,1,0,0
555,22,0,2,1331,12,5,0,0,1,0,1,0,0,0,0,0,1,0,0
556,28,1,2,2278,18,1,0,0,1,0,0,1,0,0,0,0,1,0,0
557,29,1,2,5003,21,1,0,0,1,0,0,0,0,0,1,0,0,0,1
558,27,0,2,3552,24,4,0,0,1,0,1,0,0,0,0,1,0,0,0
559,31,0,1,1928,18,4,0,0,1,0,1,0,0,0,0,0,1,0,0
560,49,0,2,2964,24,1,1,1,0,0,0,0,0,0,1,1,0,0,0
561,24,0,1,1546,24,5,0,0,0,1,1,0,0,0,0,1,0,0,0
562,29,1,2,683,6,5,1,0,1,0,1,0,0,0,0,0,0,1,0
563,37,0,2,12389,36,1,0,1,0,0,0,0,0,0,1,0,1,0,0
564,37,0,3,4712,24,0,1,0,1,0,0,0,0,0,1,0,1,0,0
565,23,1,2,1553,24,5,1,0,0,1,0,1,0,0,0,0,1,0,0
566,36,0,2,1372,12,1,0,0,1,0,1,0,0,0,0,1,0,0,0
567,34,0,2,2578,24,5,1,0,1,0,0,0,0,1,0,0,0,0,1
568,41,0,2,3979,48,5,1,0,1,0,0,0,0,0,1,0,1,0,0
569,31,1,2,6758,48,5,0,0,1,0,1,0,0,0,0,1,0,0,0
570,23,1,1,3234,24,4,0,0,0,1,1,0,0,0,0,1,0,0,0
571,38,0,2,5954,30,5,1,0,1,0,1,0,0,0,0,0,0,0,1
572,26,1,3,5433,24,1,1,0,0,1,0,0,0,0,1,0,0,0,1
573,22,1,1,806,15,0,1,0,1,0,1,0,0,0,0,1,0,0,0
574,27,0,1,1082,9,5,1,0,1,0,1,0,0,0,0,0,1,0,0
575,24,1,2,2788,15,4,1,0,1,0,1,0,0,0,0,0,0,0,1
576,27,1,2,2930,12,5,1,0,1,0,1,0,0,0,0,0,1,0,0
577,33,1,2,1927,24,3,1,0,1,0,0,0,0,0,1,0,0,0,1
578,27,0,2,2820,36,1,0,0,1,0,1,0,0,0,0,0,1,0,0
579,27,0,1,937,24,3,1,0,1,0,1,0,0,0,0,0,0,0,1
580,30,0,2,1056,18,1,0,0,1,0,1,0,0,0,0,0,1,0,0
581,49,0,1,3124,12,1,1,0,1,0,1,0,0,0,0,0,1,0,0
582,26,1,2,1388,9,4,1,0,0,1,1,0,0,0,0,0,0,0,1
583,33,0,1,2384,36,6,0,0,0,1,1,0,0,0,0,0,1,0,0
584,52,1,3,2133,12,1,1,1,0,0,0,0,0,0,1,0,0,0,1
585,20,1,2,2039,18,4,0,0,0,1,1,0,0,0,0,1,0,0,0
586,36,0,2,2799,9,1,1,0,0,1,1,0,0,0,0,1,0,0,0
587,21,0,1,1289,12,4,1,0,1,0,1,0,0,0,0,1,0,0,0
588,47,0,1,1217,18,2,0,0,1,0,1,0,0,0,0,1,0,0,0
589,60,0,2,2246,12,4,0,0,1,0,1,0,0,0,0,1,0,0,0
590,58,1,1,385,12,5,1,0,1,0,1,0,0,0,0,1,0,0,0
591,42,1,2,1965,24,1,1,0,0,1,0,0,0,0,1,0,1,0,0
592,36,1,1,1572,21,0,1,0,1,0,0,0,0,1,0,0,0,0,1
593,20,1,1,2718,24,1,0,0,0,1,1,0,0,0,0,0,1,0,0
594,40,0,3,1358,24,7,0,0,1,0,0,0,0,0,1,1,0,0,0
595,32,1,1,931,6,1,0,0,1,0,0,1,0,0,0,0,1,0,0
596,23,1,2,1442,24,1,0,0,0,1,1,0,0,0,0,1,0,0,0
597,36,0,1,4241,24,0,0,0,1,0,1,0,0,0,0,0,1,0,0
598,31,0,2,2775,18,1,0,0,1,0,1,0,0,0,0,0,0,0,1
599,32,0,2,3863,24,0,1,1,0,0,1,0,0,0,0,0,0,0,1
600,45,1,2,2329,7,5,1,0,1,0,1,0,0,0,0,0,1,0,0
601,30,1,2,918,9,4,0,0,1,0,1,0,0,0,0,0,1,0,0
602,34,1,1,1837,24,3,0,1,0,0,1,0,0,0,0,0,1,0,0
603,28,1,3,3349,36,4,0,0,1,0,1,0,0,0,0,0,0,0,1
604,23,1,2,1275,10,4,1,0,1,0,1,0,0,0,0,0,0,1,0
605,22,0,2,2828,24,4,1,0,1,0,0,0,1,0,0,1,0,0,0
606,74,0,3,4526,24,0,1,0,1,0,1,0,0,0,0,0,0,0,1
607,50,1,2,2671,36,5,0,1,0,0,0,1,0,0,0,0,1,0,0
608,33,0,2,2051,18,5,1,0,1,0,1,0,0,0,0,0,0,0,1
609,45,0,2,1300,15,1,1,1,0,0,0,0,0,0,1,0,0,0,1
610,22,1,2,741,12,2,0,0,1,0,0,1,0,0,0,1,0,0,0
611,48,1,1,1240,10,1,0,1,0,0,0,1,0,0,0,0,0,1,0
612,29,1,2,3357,21,5,1,0,1,0,0,0,0,1,0,1,0,0,0
613,22,1,2,3632,24,1,1,0,0,1,1,0,0,0,0,1,0,0,0
614,22,1,2,1808,18,4,0,0,1,0,1,0,0,0,0,0,0,0,1
615,48,0,3,12204,48,0,1,0,1,0,0,0,0,0,1,0,1,0,0
616,27,0,3,9157,60,5,1,1,0,0,0,0,0,0,1,0,1,0,0
617,37,0,2,3676,6,1,1,0,0,1,1,0,0,0,0,1,0,0,0
618,21,1,2,3441,30,4,0,0,0,1,0,1,0,0,0,0,1,0,0
619,49,0,1,640,12,1,1,0,1,0,1,0,0,0,0,0,0,0,1
620,27,0,2,3652,21,0,1,0,1,0,1,0,0,0,0,0,1,0,0
621,32,0,2,1530,18,1,0,0,1,0,1,0,0,0,0,0,0,0,1
622,38,0,2,3914,48,0,0,0,1,0,0,0,0,0,1,0,0,0,1
623,22,1,2,1858,12,4,1,0,0,1,1,0,0,0,0,1,0,0,0
624,65,0,2,2600,18,5,0,1,0,0,1,0,0,0,0,1,0,0,0
625,35,0,2,1979,15,5,1,0,1,0,0,0,0,0,1,0,0,0,1
626,41,0,2,2116,6,4,1,0,1,0,1,0,0,0,0,0,0,1,0
627,29,0,2,1437,9,1,0,0,1,0,0,1,0,0,0,0,1,0,0
628,36,0,2,4042,42,4,1,0,1,0,0,0,1,0,0,0,0,0,1
629,64,0,1,3832,9,3,1,0,1,0,0,0,0,0,1,0,0,0,1
630,28,1,2,3660,24,5,1,0,1,0,1,0,0,0,0,1,0,0,0
631,44,0,2,1553,18,4,0,0,1,0,1,0,0,0,0,1,0,0,0
632,23,0,2,1444,15,5,1,0,1,0,0,0,0,0,1,0,1,0,0
633,19,1,2,1980,9,4,0,0,0,1,1,0,0,0,0,0,0,0,1
634,25,1,1,1355,24,1,0,0,1,0,1,0,0,0,0,0,1,0,0
635,47,0,2,1393,12,3,1,0,1,0,1,0,0,0,0,0,0,0,1
636,28,1,2,1376,24,5,1,0,1,0,0,0,1,0,0,0,0,0,1
637,21,0,2,15653,60,5,1,0,1,0,1,0,0,0,0,0,0,0,1
638,34,1,2,1493,12,5,1,0,1,0,1,0,0,0,0,0,0,0,1
639,26,0,2,4370,42,5,0,0,1,0,1,0,0,0,0,1,0,0,0
640,27,1,0,750,18,3,0,0,1,0,1,0,0,0,0,1,0,0,0
641,38,0,1,1308,15,6,1,0,1,0,1,0,0,0,0,0,1,0,0
642,40,0,3,4623,15,3,0,0,1,0,0,1,0,0,0,0,0,0,1
643,33,0,2,1851,24,5,1,0,1,0,1,0,0,0,0,0,0,0,1
644,32,0,3,1880,18,5,1,0,1,0,1,0,0,0,0,1,0,0,0
645,27,0,2,7980,36,0,0,0,0,1,0,0,0,0,1,0,0,0,1
646,32,0,2,4583,30,4,1,0,1,0,1,0,0,0,0,1,0,0,0
647,26,1,2,1386,12,1,0,0,1,0,0,0,1,0,0,0,0,0,1
648,38,0,2,947,24,1,0,1,0,0,1,0,0,0,0,0,0,1,0
649,40,0,1,684,12,3,0,0,0,1,1,0,0,0,0,1,0,0,0
650,50,0,3,7476,48,3,1,1,0,0,1,0,0,0,0,1,0,0,0
651,37,0,1,1922,12,4,0,0,1,0,1,0,0,0,0,0,1,0,0
652,45,0,2,2303,24,1,0,0,1,0,1,0,0,0,0,1,0,0,0
653,42,0,3,8086,36,1,0,0,1,0,0,1,0,0,0,0,1,0,0
654,35,0,2,2346,24,1,1,0,1,0,1,0,0,0,0,0,0,0,1
655,22,0,2,3973,14,1,1,1,0,0,1,0,0,0,0,1,0,0,0
656,41,0,1,888,12,1,0,0,1,0,1,0,0,0,0,0,1,0,0
657,37,0,2,10222,48,5,1,0,1,0,0,0,0,0,1,0,0,0,1
658,28,1,2,4221,30,0,1,0,1,0,1,0,0,0,0,0,1,0,0
659,41,0,2,6361,18,4,1,0,1,0,1,0,0,0,0,0,1,0,0
660,23,0,2,1297,12,5,1,0,0,1,1,0,0,0,0,0,0,1,0
661,23,0,2,900,12,1,0,0,1,0,0,0,0,0,1,1,0,0,0
662,50,0,2,2241,21,4,1,0,1,0,1,0,0,0,0,0,0,0,1
663,35,0,3,1050,6,4,1,0,1,0,1,0,0,0,0,0,1,0,0
664,50,1,1,1047,6,3,1,0,1,0,1,0,0,0,0,0,0,1,0
665,27,0,3,6314,24,7,1,0,1,0,1,0,0,0,0,0,0,0,1
666,34,0,2,3496,30,4,1,0,1,0,0,0,0,1,0,0,1,0,0
667,27,1,2,3609,48,0,1,0,1,0,1,0,0,0,0,0,0,0,1
668,43,0,2,4843,12,1,0,0,0,1,1,0,0,0,0,1,0,0,0
669,47,0,2,3017,30,5,1,0,1,0,1,0,0,0,0,0,0,1,0
670,27,0,1,4139,24,0,1,0,1,0,0,1,0,0,0,0,0,0,1
671,31,0,2,5742,36,0,1,0,1,0,0,1,0,0,0,0,0,0,1
672,42,0,3,10366,60,1,1,0,1,0,1,0,0,0,0,0,0,0,1
673,24,0,2,2080,6,1,1,0,1,0,0,0,1,0,0,0,0,0,1
674,41,0,1,2580,21,0,0,0,1,0,0,0,1,0,0,0,0,0,1
675,26,1,3,4530,30,5,1,0,0,1,1,0,0,0,0,0,0,0,1
676,33,0,2,5150,24,4,1,0,1,0,1,0,0,0,0,0,0,0,1
677,24,0,2,5595,72,5,0,0,1,0,0,1,0,0,0,0,1,0,0
678,64,0,1,2384,24,5,1,0,0,1,1,0,0,0,0,1,0,0,0
679,26,1,2,1453,18,5,1,0,1,0,1,0,0,0,0,0,0,0,1
680,56,1,2,1538,6,3,1,0,1,0,1,0,0,0,0,0,0,0,1
681,37,0,2,2279,12,5,1,1,0,0,0,0,0,0,1,0,0,0,1
682,33,0,2,1478,15,5,1,0,1,0,1,0,0,0,0,0,0,0,1
683,47,0,2,5103,24,5,1,1,0,0,1,0,0,0,0,0,0,0,1
684,31,0,1,9857,36,0,1,0,1,0,0,1,0,0,0,0,1,0,0
685,34,0,2,6527,60,1,1,1,0,0,0,0,0,0,1,0,0,0,1
686,27,0,2,1347,10,5,1,0,1,0,0,0,0,0,1,0,0,1,0
687,30,0,2,2862,36,1,1,1,0,0,0,1,0,0,0,0,1,0,0
688,35,0,2,2753,9,5,1,0,1,0,0,1,0,0,0,0,0,0,1
689,31,0,2,3651,12,1,1,0,1,0,0,0,0,1,0,1,0,0,0
690,25,0,2,975,15,4,1,0,1,0,1,0,0,0,0,1,0,0,0
691,25,1,1,2631,15,6,1,0,1,0,0,1,0,0,0,0,1,0,0
692,29,0,2,2896,24,5,1,0,1,0,0,1,0,0,0,0,1,0,0
693,44,0,1,4716,6,1,1,0,1,0,0,0,0,0,1,1,0,0,0
694,28,0,2,2284,24,5,1,0,1,0,1,0,0,0,0,0,0,0,1
695,50,0,2,1236,6,1,1,0,0,1,0,0,1,0,0,0,0,0,1
696,29,0,2,1103,12,5,1,0,1,0,1,0,0,0,0,0,1,0,0
697,38,1,0,926,12,1,1,0,1,0,1,0,0,0,0,0,0,0,1
698,24,0,2,1800,18,5,1,0,1,0,1,0,0,0,0,0,0,0,1
699,40,0,3,1905,15,3,1,0,0,1,1,0,0,0,0,0,0,1,0
700,29,1,1,1123,12,4,0,0,0,1,0,0,1,0,0,0,0,0,1
701,46,0,2,6331,48,1,0,1,0,0,1,0,0,0,0,1,0,0,0
702,47,1,2,1377,24,5,1,1,0,0,0,1,0,0,0,0,0,1,0
703,41,0,2,2503,30,0,1,0,1,0,0,1,0,0,0,0,1,0,0
704,32,1,2,2528,27,0,1,0,1,0,1,0,0,0,0,0,1,0,0
705,35,1,2,5324,15,1,1,1,0,0,0,0,1,0,0,0,0,0,1
706,24,0,2,6560,48,1,0,0,1,0,0,1,0,0,0,0,1,0,0
707,25,1,2,2969,12,4,0,0,0,1,1,0,0,0,0,0,1,0,0
708,25,1,2,1206,9,5,1,0,1,0,1,0,0,0,0,0,1,0,0
709,37,0,1,2118,9,5,1,0,1,0,1,0,0,0,0,0,1,0,0
710,32,0,3,629,18,5,1,0,1,0,0,0,1,0,0,0,0,0,1
711,35,1,2,1198,6,3,0,1,0,0,1,0,0,0,0,1,0,0,0
712,46,0,3,2476,21,1,1,0,1,0,0,0,0,0,1,0,0,0,1
713,25,0,1,1138,9,5,1,0,1,0,1,0,0,0,0,1,0,0,0
714,27,0,3,14027,60,1,0,0,1,0,1,0,0,0,0,0,1,0,0
715,63,0,2,7596,30,1,1,0,1,0,0,0,0,0,1,0,0,0,1
716,40,0,2,3077,30,5,1,0,1,0,0,0,0,0,1,0,0,0,1
717,32,0,3,1505,18,5,1,1,0,0,1,0,0,0,0,0,0,0,1
718,31,0,2,3148,24,5,1,0,1,0,0,0,0,0,1,0,0,1,0
719,31,0,2,6148,20,1,1,0,1,0,0,1,0,0,0,0,1,0,0
720,34,0,3,1337,9,5,0,0,1,0,1,0,0,0,0,0,0,1,0
721,24,1,2,433,6,3,0,0,0,1,0,0,0,1,0,0,1,0,0
722,24,1,1,1228,12,1,0,0,1,0,1,0,0,0,0,1,0,0,0
723,66,1,1,790,9,5,1,0,1,0,0,0,1,0,0,0,1,0,0
724,21,1,2,2570,27,1,0,0,0,1,1,0,0,0,0,0,0,0,1
725,41,1,1,250,6,1,1,0,1,0,0,0,0,1,0,0,0,0,1
726,47,0,1,1316,15,5,1,0,1,0,0,0,1,0,0,0,0,0,1
727,25,1,2,1882,18,5,0,0,0,1,1,0,0,0,0,1,0,0,0
728,59,1,2,6416,48,0,0,0,0,1,1,0,0,0,0,0,1,0,0
729,36,0,2,1275,24,0,1,0,1,0,0,0,0,1,0,0,0,1,0
730,33,0,2,6403,24,5,1,0,1,0,1,0,0,0,0,0,1,0,0
731,21,0,1,1987,24,5,0,0,0,1,1,0,0,0,0,1,0,0,0
732,44,1,1,760,8,5,1,0,1,0,1,0,0,0,0,0,1,0,0
733,28,1,2,2603,24,1,1,0,0,1,0,0,0,1,0,0,0,0,1
734,37,1,2,3380,4,1,1,0,1,0,1,0,0,0,0,0,0,0,1
735,29,1,0,3990,36,2,1,0,1,0,0,0,0,0,1,0,1,0,0
736,23,1,3,11560,24,1,0,0,0,1,1,0,0,0,0,0,1,0,0
737,35,0,1,4380,18,1,1,0,1,0,0,1,0,0,0,1,0,0,0
738,45,0,3,6761,6,1,1,0,1,0,1,0,0,0,0,0,0,0,1
739,26,1,1,4280,30,0,0,0,0,1,0,1,0,0,0,0,1,0,0
740,32,0,2,2325,24,1,1,0,1,0,0,1,0,0,0,1,0,0,0
741,23,0,1,1048,10,5,1,0,1,0,1,0,0,0,0,0,1,0,0
742,41,0,2,3160,21,5,1,0,1,0,0,0,0,0,1,0,0,0,1
743,22,0,2,2483,24,4,1,0,1,0,0,0,1,0,0,1,0,0,0
744,30,0,3,14179,39,4,1,0,1,0,0,0,0,0,1,1,0,0,0
745,28,0,1,1797,13,0,1,0,1,0,1,0,0,0,0,1,0,0,0
746,23,1,2,2511,15,1,1,0,0,1,1,0,0,0,0,1,0,0,0
747,37,1,1,1274,12,1,0,0,1,0,1,0,0,0,0,1,0,0,0
748,26,0,2,5248,21,1,1,0,1,0,0,0,0,0,1,0,0,0,1
749,33,0,2,3029,15,1,1,0,1,0,1,0,0,0,0,0,0,0,1
750,49,1,2,428,6,4,1,0,1,0,1,0,0,0,0,1,0,0,0
751,23,1,1,976,18,1,0,0,1,0,1,0,0,0,0,1,0,0,0
752,23,1,1,841,12,0,1,0,0,1,0,1,0,0,0,0,1,0,0
753,25,1,2,5771,30,5,1,0,1,0,1,0,0,0,0,0,0,0,1
754,55,0,2,1555,12,6,0,1,0,0,0,0,0,1,0,0,0,0,1
755,32,1,2,1285,24,1,0,0,0,1,0,0,0,0,1,1,0,0,0
756,74,0,0,1299,6,1,1,0,1,0,1,0,0,0,0,0,0,1,0
757,39,0,2,1271,15,5,0,1,0,0,0,0,0,0,1,0,0,1,0
758,31,0,2,1393,24,1,1,0,1,0,1,0,0,0,0,0,0,0,1
759,35,0,2,691,12,1,0,0,1,0,1,0,0,0,0,1,0,0,0
760,59,1,2,5045,15,1,1,0,1,0,0,0,0,0,1,0,0,0,1
761,24,1,2,2124,18,4,0,0,0,1,1,0,0,0,0,1,0,0,0
762,24,0,1,2214,12,5,1,0,1,0,1,0,0,0,0,1,0,0,0
763,30,0,3,12680,21,1,0,1,0,0,0,0,0,0,1,0,0,0,1
764,27,0,2,2463,24,1,1,0,1,0,0,1,0,0,0,0,0,0,1
765,40,0,1,1155,12,5,1,0,1,0,1,0,0,0,0,0,1,0,0
766,31,0,1,3108,30,4,0,0,1,0,1,0,0,0,0,1,0,0,0
767,31,1,2,2901,10,1,1,0,0,1,0,0,0,0,1,0,0,0,1
768,28,0,2,3617,12,4,1,0,0,1,1,0,0,0,0,0,1,0,0
769,63,0,1,1655,12,5,1,0,1,0,1,0,0,0,0,0,0,0,1
770,26,1,2,2812,24,1,1,0,0,1,0,0,0,0,1,1,0,0,0
771,25,1,3,8065,36,3,0,0,1,0,1,0,0,0,0,1,0,0,0
772,36,0,3,3275,21,1,1,0,1,0,1,0,0,0,0,0,0,0,1
773,52,0,2,2223,24,5,1,0,1,0,0,1,0,0,0,0,0,0,1
774,66,0,0,1480,12,1,1,1,0,0,0,0,1,0,0,0,0,1,0
775,25,1,2,1371,24,1,0,0,0,1,0,0,0,0,1,1,0,0,0
776,37,0,2,3535,36,1,1,0,1,0,1,0,0,0,0,0,0,0,1
777,25,1,2,3509,18,5,1,0,1,0,1,0,0,0,0,1,0,0,0
778,38,0,3,5711,36,1,1,0,1,0,0,0,0,1,0,0,0,0,1
779,67,1,2,3872,18,6,1,0,1,0,1,0,0,0,0,0,1,0,0
780,25,0,2,4933,39,5,0,0,1,0,1,0,0,0,0,0,1,0,0
781,60,0,2,1940,24,1,1,0,1,0,0,0,0,1,0,0,0,0,1
782,31,0,1,1410,12,3,1,0,1,0,1,0,0,0,0,0,1,0,0
783,23,1,1,836,12,1,0,0,1,0,0,1,0,0,0,0,1,0,0
784,60,0,3,6468,20,1,1,0,1,0,0,0,0,0,1,0,1,0,0
785,35,0,1,1941,18,0,1,0,1,0,0,0,0,1,0,0,1,0,0
786,40,0,2,2675,22,5,1,0,1,0,0,0,1,0,0,0,0,0,1
787,38,0,2,2751,48,1,1,0,1,0,0,0,0,0,1,0,0,0,1
788,50,0,2,6224,48,3,0,1,0,0,1,0,0,0,0,0,1,0,0
789,27,0,2,5998,40,3,0,0,1,0,1,0,0,0,0,1,0,0,0
790,39,1,2,1188,21,0,0,0,1,0,1,0,0,0,0,0,1,0,0
791,41,0,3,6313,24,1,1,0,1,0,0,0,0,0,1,0,0,0,1
792,27,0,2,1221,6,4,1,0,1,0,0,0,0,0,1,0,0,0,1
793,51,0,2,2892,24,4,1,1,0,0,1,0,0,0,0,0,0,1,0
794,32,0,2,3062,24,4,1,0,0,1,0,0,1,0,0,0,0,0,1
795,22,1,2,2301,9,4,1,0,0,1,0,1,0,0,0,0,0,0,1
796,51,0,2,7511,18,1,0,1,0,0,0,0,0,0,1,1,0,0,0
797,22,1,1,1258,12,4,1,0,0,1,1,0,0,0,0,0,0,0,1
798,54,0,2,717,24,1,1,0,1,0,0,0,0,0,1,0,0,0,1
799,35,0,0,1549,9,1,1,0,1,0,0,0,0,0,1,0,1,0,0
800,54,0,2,1597,24,3,1,1,0,0,1,0,0,0,0,0,0,0,1
801,48,1,1,1795,18,5,1,0,0,1,1,0,0,0,0,0,1,0,0
802,24,1,2,4272,20,4,1,0,1,0,1,0,0,0,0,1,0,0,0
803,35,0,2,976,12,5,1,0,1,0,0,0,0,0,1,0,0,0,1
804,24,1,0,7472,12,1,1,0,0,1,0,0,0,0,1,0,1,0,0
805,24,0,2,9271,36,1,0,0,1,0,1,0,0,0,0,1,0,0,0
806,26,0,1,590,6,5,1,0,1,0,1,0,0,0,0,0,1,0,0
807,65,0,2,930,12,5,1,0,1,0,0,0,0,0,1,0,0,0,1
808,55,0,3,9283,42,1,1,1,0,0,1,0,0,0,0,0,1,0,0
809,26,1,0,1778,15,1,0,0,0,1,1,0,0,0,0,0,1,0,0
810,26,0,2,907,8,0,1,0,1,0,1,0,0,0,0,0,1,0,0
811,28,0,1,484,6,5,1,0,1,0,1,0,0,0,0,0,1,0,0
812,24,0,2,9629,36,1,0,0,1,0,1,0,0,0,0,1,0,0,0
813,54,0,2,3051,48,2,0,0,1,0,1,0,0,0,0,1,0,0,0
814,46,0,2,3931,48,1,0,1,0,0,1,0,0,0,0,1,0,0,0
815,54,1,2,7432,36,1,1,0,0,1,1,0,0,0,0,0,1,0,0
816,62,0,2,1338,6,2,1,0,1,0,0,0,1,0,0,0,0,0,1
817,24,1,2,1554,6,5,1,0,0,1,1,0,0,0,0,0,0,0,1
818,43,0,3,15857,36,7,1,0,1,0,1,0,0,0,0,1,0,0,0
819,26,0,2,1345,18,5,0,0,1,0,1,0,0,0,0,1,0,0,0
820,27,0,2,1101,12,1,1,0,1,0,1,0,0,0,0,0,0,0,1
821,24,0,2,3016,12,5,1,0,1,0,1,0,0,0,0,0,0,1,0
822,41,0,2,2712,36,4,0,0,1,0,1,0,0,0,0,1,0,0,0
823,47,0,1,731,8,1,1,0,1,0,1,0,0,0,0,1,0,0,0
824,35,0,3,3780,18,4,1,0,1,0,1,0,0,0,0,0,0,0,1
825,30,0,2,1602,21,1,1,0,1,0,1,0,0,0,0,1,0,0,0
826,33,1,2,3966,18,1,0,0,0,1,1,0,0,0,0,1,0,0,0
827,36,0,2,4165,18,0,0,0,1,0,1,0,0,0,0,0,0,0,1
828,47,0,2,8335,36,1,0,1,0,0,0,0,0,0,1,1,0,0,0
829,38,0,2,6681,48,0,1,1,0,0,0,0,0,0,1,0,1,0,0
830,44,0,2,2375,24,0,1,0,1,0,0,0,1,0,0,0,0,0,1
831,23,1,2,1216,18,1,0,0,0,1,1,0,0,0,0,1,0,0,0
832,29,0,2,11816,45,0,0,0,0,1,1,0,0,0,0,1,0,0,0
833,42,1,2,5084,24,5,1,0,1,0,0,0,0,0,1,0,1,0,0
834,25,1,1,2327,15,5,0,0,1,0,1,0,0,0,0,0,0,1,0
835,48,0,2,1082,12,1,0,0,1,0,1,0,0,0,0,1,0,0,0
836,21,1,2,886,12,5,1,0,1,0,0,0,0,0,1,0,0,0,1
837,23,1,1,601,4,4,1,0,0,1,1,0,0,0,0,0,0,0,1
838,63,0,2,2957,24,1,1,0,1,0,1,0,0,0,0,1,0,0,0
839,46,0,2,2611,24,5,1,0,1,0,1,0,0,0,0,0,0,0,1
840,29,0,2,5179,36,4,0,0,1,0,1,0,0,0,0,1,0,0,0
841,28,0,1,2993,21,1,1,0,1,0,1,0,0,0,0,0,0,0,1
842,23,1,2,1943,18,6,0,0,1,0,1,0,0,0,0,0,0,0,1
843,50,0,2,1559,24,0,1,0,1,0,1,0,0,0,0,0,0,0,1
844,47,0,2,3422,18,4,1,0,1,0,1,0,0,0,0,0,0,0,1
845,35,0,2,3976,21,4,1,0,1,0,0,0,0,0,1,0,1,0,0
846,68,0,2,6761,18,1,0,0,0,1,0,0,0,0,1,0,0,0,1
847,28,0,2,1249,24,1,1,0,1,0,1,0,0,0,0,0,0,0,1
848,59,0,2,1364,9,5,1,0,1,0,1,0,0,0,0,1,0,0,0
849,57,0,1,709,12,5,0,0,1,0,1,0,0,0,0,1,0,0,0
850,33,0,2,2235,20,1,0,0,0,1,1,0,0,0,0,1,0,0,0
851,43,0,2,4042,24,1,1,0,1,0,0,0,0,0,1,0,0,0,1
852,35,0,2,1471,15,5,1,1,0,0,1,0,0,0,0,0,0,0,1
853,32,0,1,1442,18,1,0,1,0,0,1,0,0,0,0,1,0,0,0
854,45,0,2,10875,36,1,1,0,1,0,1,0,0,0,0,0,0,0,1
855,33,0,2,1474,24,1,1,0,1,0,0,1,0,0,0,0,0,0,1
856,40,1,2,894,10,3,1,0,1,0,0,0,0,0,1,0,0,0,1
857,28,0,2,3343,15,4,1,1,0,0,1,0,0,0,0,0,0,0,1
858,29,1,2,3959,15,1,0,0,1,0,1,0,0,0,0,1,0,0,0
859,26,0,2,3577,9,1,1,0,0,1,0,1,0,0,0,0,0,0,1
860,27,0,2,5804,24,1,1,0,1,0,0,0,0,1,0,0,0,0,1
861,28,0,2,2169,18,0,0,0,1,0,1,0,0,0,0,0,0,0,1
862,35,1,2,2439,24,5,0,0,1,0,1,0,0,0,0,1,0,0,0
863,32,0,1,4526,27,4,1,0,1,0,0,0,0,1,0,0,0,0,1
864,25,0,1,2210,10,4,0,0,0,1,1,0,0,0,0,0,0,0,1
865,20,1,2,2221,15,4,1,0,0,1,0,0,1,0,0,0,0,0,1
866,27,1,2,2389,18,5,1,0,1,0,1,0,0,0,0,1,0,0,0
867,42,0,2,3331,12,4,1,0,1,0,1,0,0,0,0,0,0,0,1
868,37,0,2,7409,36,0,1,0,1,0,0,0,0,0,1,0,0,0,1
869,24,1,2,652,12,4,1,0,0,1,1,0,0,0,0,1,0,0,0
870,40,1,2,7678,36,4,1,0,1,0,0,0,1,0,0,0,0,0,1
871,46,0,2,1343,6,1,1,0,1,0,1,0,0,0,0,0,0,1,0
872,26,0,2,1382,24,0,1,0,1,0,0,1,0,0,0,1,0,0,0
873,24,1,2,874,15,2,1,0,1,0,0,0,0,0,1,0,0,0,1
874,29,0,1,3590,12,4,1,0,1,0,1,0,0,0,0,1,0,0,0
875,40,1,2,1322,11,1,1,0,1,0,0,0,0,1,0,0,1,0,0
876,36,0,3,1940,18,5,1,1,0,0,1,0,0,0,0,1,0,0,0
877,28,0,2,3595,36,5,1,0,1,0,1,0,0,0,0,0,0,0,1
878,27,0,3,1422,9,1,0,1,0,0,1,0,0,0,0,1,0,0,0
879,36,0,2,6742,30,5,1,0,1,0,0,0,0,0,1,0,0,0,1
880,38,0,3,7814,24,1,1,0,1,0,1,0,0,0,0,0,0,0,1
881,48,0,2,9277,24,1,1,1,0,0,0,0,0,0,1,0,0,0,1
882,36,0,2,2181,30,1,1,0,1,0,0,0,0,0,1,0,1,0,0
883,65,1,0,1098,18,5,1,0,1,0,1,0,0,0,0,0,0,0,1
884,43,0,2,4057,24,4,0,0,1,0,1,0,0,0,0,0,1,0,0
885,53,1,2,795,12,3,0,0,1,0,1,0,0,0,0,1,0,0,0
886,34,0,2,2825,24,0,1,0,1,0,0,0,0,0,1,0,1,0,0
887,23,0,2,15672,48,0,0,0,1,0,1,0,0,0,0,0,1,0,0
888,34,0,3,6614,36,1,1,0,1,0,1,0,0,0,0,0,0,0,1
889,40,0,2,7824,28,1,1,0,0,1,0,0,0,0,1,0,0,0,1
890,43,0,3,2442,27,0,1,0,1,0,1,0,0,0,0,1,0,0,0
891,46,0,2,1829,15,5,1,0,1,0,1,0,0,0,0,0,0,0,1
892,38,0,1,2171,12,1,1,0,1,0,1,0,0,0,0,1,0,0,0
893,34,0,2,5800,36,1,1,0,1,0,1,0,0,0,0,0,1,0,0
894,29,0,2,1169,18,5,1,0,1,0,0,0,0,0,1,0,0,0,1
895,31,0,3,8947,36,1,1,0,1,0,0,0,0,0,1,0,0,0,1
896,28,1,3,2606,21,5,1,0,0,1,1,0,0,0,0,1,0,0,0
897,35,1,2,1592,12,4,1,0,1,0,0,0,0,1,0,0,0,0,1
898,33,1,1,2186,15,4,1,0,0,1,0,0,0,0,1,0,0,0,1
899,42,0,2,4153,18,4,0,0,1,0,1,0,0,0,0,1,0,0,0
900,43,0,2,2625,16,1,0,0,0,1,1,0,0,0,0,1,0,0,0
901,44,0,2,3485,20,1,1,0,1,0,0,0,0,0,1,0,0,0,1
902,42,0,2,10477,36,1,1,1,0,0,0,0,0,0,1,0,0,0,1
903,40,0,2,1386,15,5,1,0,0,1,0,0,0,0,1,0,0,0,1
904,36,0,3,1278,24,5,1,0,1,0,1,0,0,0,0,0,0,0,1
905,20,0,3,1107,12,5,1,0,0,1,1,0,0,0,0,1,0,0,0
906,24,0,1,3763,21,1,1,0,1,0,0,0,0,0,1,1,0,0,0
907,27,0,2,3711,36,3,1,0,1,0,0,0,0,0,1,0,1,0,0
908,46,1,1,3594,15,1,1,0,1,0,1,0,0,0,0,0,0,0,1
909,33,1,1,3195,9,1,1,0,1,0,0,0,0,0,1,0,1,0,0
910,34,1,2,4454,36,5,1,0,1,0,1,0,0,0,0,0,0,0,1
911,25,1,1,4736,24,4,0,0,1,0,1,0,0,0,0,0,1,0,0
912,25,1,2,2991,30,5,1,0,1,0,0,0,0,0,1,0,1,0,0
913,28,0,2,2142,11,0,1,0,1,0,0,0,0,1,0,0,0,0,1
914,31,0,2,3161,24,0,0,0,0,1,1,0,0,0,0,1,0,0,0
915,32,1,3,18424,48,7,0,0,1,0,1,0,0,0,0,0,1,0,0
916,32,0,2,2848,10,1,1,0,1,0,0,1,0,0,0,0,0,0,1
917,68,0,3,14896,6,1,0,0,1,0,1,0,0,0,0,1,0,0,0
918,33,0,2,2359,24,4,0,0,1,0,0,1,0,0,0,1,0,0,0
919,39,0,3,3345,24,4,0,0,0,1,1,0,0,0,0,1,0,0,0
920,28,1,2,1817,18,4,1,0,1,0,1,0,0,0,0,0,0,0,1
921,37,0,3,12749,48,5,1,0,1,0,0,0,1,0,0,0,0,0,1
922,22,1,2,1366,9,5,0,0,0,1,1,0,0,0,0,1,0,0,0
923,30,0,2,2002,12,1,1,0,0,1,1,0,0,0,0,0,1,0,0
924,55,0,2,6872,24,4,0,0,1,0,1,0,0,0,0,1,0,0,0
925,46,0,2,697,12,1,0,0,1,0,1,0,0,0,0,1,0,0,0
926,21,1,2,1049,18,4,1,0,0,1,1,0,0,0,0,1,0,0,0
927,39,0,2,10297,48,1,0,1,0,0,1,0,0,0,0,1,0,0,0
928,58,0,2,1867,30,5,1,0,1,0,0,0,0,0,1,0,0,0,1
929,43,0,1,1344,12,1,1,0,1,0,1,0,0,0,0,1,0,0,0
930,24,0,1,1747,24,4,1,0,1,0,1,0,0,0,0,1,0,0,0
931,22,1,2,1670,9,5,0,0,1,0,1,0,0,0,0,0,1,0,0
932,30,0,2,1224,9,1,1,0,1,0,1,0,0,0,0,0,0,0,1
933,42,0,2,522,12,5,1,0,1,0,0,0,1,0,0,0,0,0,1
934,23,1,2,1498,12,5,1,0,1,0,1,0,0,0,0,1,0,0,0
935,30,0,3,1919,30,5,0,0,1,0,0,1,0,0,0,0,1,0,0
936,28,1,1,745,9,5,0,0,1,0,1,0,0,0,0,0,0,1,0
937,30,0,3,2063,6,5,1,0,0,1,1,0,0,0,0,0,1,0,0
938,42,0,2,6288,60,3,0,1,0,0,1,0,0,0,0,0,1,0,0
939,46,0,3,6842,24,1,1,0,1,0,0,0,0,0,1,0,0,0,1
940,45,0,3,3527,12,1,1,0,1,0,0,0,0,0,1,0,0,0,1
941,31,0,1,1546,10,1,1,0,1,0,1,0,0,0,0,0,0,0,1
942,31,0,2,929,24,4,1,0,1,0,0,0,0,0,1,0,0,0,1
943,42,0,1,1455,4,1,1,0,1,0,1,0,0,0,0,0,0,0,1
944,46,1,2,1845,15,4,1,0,0,1,1,0,0,0,0,1,0,0,0
945,30,1,2,8358,48,1,1,0,1,0,0,0,1,0,0,0,1,0,0
946,30,0,2,3349,24,4,0,1,0,0,0,0,1,0,0,1,0,0,0
947,38,0,3,2859,12,1,1,0,1,0,0,0,0,0,1,0,0,0,1
948,43,0,1,1533,18,4,0,0,1,0,1,0,0,0,0,0,0,0,1
949,31,0,2,3621,24,5,0,0,1,0,0,1,0,0,0,0,0,0,1
950,40,0,0,3590,18,0,1,0,1,0,1,0,0,0,0,0,1,0,0
951,24,0,2,2145,36,0,0,0,1,0,1,0,0,0,0,1,0,0,0
952,28,1,2,4113,24,1,0,0,0,1,0,0,1,0,0,0,1,0,0
953,26,1,3,10974,36,4,0,0,1,0,1,0,0,0,0,0,0,0,1
954,29,1,2,1893,12,1,1,0,1,0,1,0,0,0,0,1,0,0,0
955,57,1,3,1231,24,5,1,0,0,1,0,0,0,1,0,1,0,0,0
956,49,0,1,3656,30,5,1,0,1,0,0,0,0,0,1,0,0,1,0
957,37,0,1,1154,9,5,1,0,1,0,1,0,0,0,0,0,1,0,0
958,45,0,1,4006,28,1,0,0,1,0,1,0,0,0,0,1,0,0,0
959,30,0,2,3069,24,4,1,1,0,0,0,1,0,0,0,0,1,0,0
960,30,0,2,1740,6,5,1,0,0,1,1,0,0,0,0,0,0,0,1
961,47,0,2,2353,21,1,1,0,1,0,1,0,0,0,0,0,1,0,0
962,29,0,2,3556,15,1,1,0,1,0,0,0,0,0,1,0,0,0,1
963,35,0,2,2397,24,5,0,0,1,0,0,0,1,0,0,0,0,0,1
964,22,0,1,454,6,6,1,0,1,0,1,0,0,0,0,0,1,0,0
965,26,1,2,1715,30,5,1,0,1,0,0,0,0,0,1,0,1,0,0
966,23,0,1,2520,27,5,0,0,1,0,0,0,1,0,0,0,1,0,0
967,54,1,3,3568,15,5,1,0,0,1,1,0,0,0,0,0,0,0,1
968,29,0,2,7166,42,5,1,0,0,1,0,0,0,0,1,0,0,0,1
969,40,0,1,3939,11,1,1,0,1,0,1,0,0,0,0,1,0,0,0
970,22,0,2,1514,15,6,1,0,1,0,0,1,0,0,0,0,1,0,0
971,43,0,1,7393,24,1,1,0,1,0,1,0,0,0,0,0,0,0,1
972,29,1,0,1193,24,1,0,0,0,1,1,0,0,0,0,1,0,0,0
973,36,0,2,7297,60,0,0,0,0,1,1,0,0,0,0,1,0,0,0
974,33,1,2,2831,30,5,1,0,1,0,1,0,0,0,0,0,0,0,1
975,57,1,1,1258,24,5,1,0,1,0,0,0,1,0,0,0,0,1,0
976,64,1,2,753,6,5,1,0,1,0,1,0,0,0,0,0,1,0,0
977,42,0,2,2427,18,0,1,0,1,0,0,0,0,0,1,0,1,0,0
978,47,0,1,2538,24,1,0,0,1,0,1,0,0,0,0,0,0,0,1
979,25,0,2,1264,15,1,0,0,0,1,0,1,0,0,0,0,1,0,0
980,49,0,2,8386,30,4,0,0,1,0,1,0,0,0,0,0,1,0,0
981,33,0,3,4844,48,0,0,0,0,1,1,0,0,0,0,0,0,0,1
982,28,1,3,2923,21,1,1,0,1,0,0,1,0,0,0,0,0,1,0
983,26,0,2,8229,36,1,0,0,1,0,1,0,0,0,0,1,0,0,0
984,30,0,1,2028,24,4,1,0,1,0,1,0,0,0,0,0,0,0,1
985,25,1,2,1433,15,4,1,0,0,1,1,0,0,0,0,1,0,0,0
986,33,0,2,6289,42,0,1,0,1,0,1,0,0,0,0,0,0,1,0
987,64,1,2,1409,13,5,1,0,1,0,0,1,0,0,0,0,0,0,1
988,29,0,3,6579,24,1,1,1,0,0,1,0,0,0,0,1,0,0,0
989,48,0,1,1743,24,5,1,0,1,0,1,0,0,0,0,0,1,0,0
990,37,0,1,3565,12,3,1,0,1,0,0,0,0,0,1,0,0,0,1
991,34,0,1,1569,15,5,1,0,1,0,0,1,0,0,0,0,0,0,1
992,23,0,1,1936,18,5,1,0,0,1,0,0,0,0,1,1,0,0,0
993,30,0,3,3959,36,4,1,0,1,0,1,0,0,0,0,1,0,0,0
994,50,0,2,2390,12,1,1,0,1,0,0,0,0,0,1,0,0,0,1
995,31,1,1,1736,12,4,1,0,1,0,1,0,0,0,0,0,0,0,1
996,40,0,3,3857,30,1,1,0,1,0,1,0,0,0,0,1,0,0,0
997,38,0,2,804,12,5,1,0,1,0,1,0,0,0,0,0,0,0,1
998,23,0,2,1845,45,5,0,1,0,0,1,0,0,0,0,1,0,0,0
999,27,0,2,4576,45,1,1,0,1,0,0,1,0,0,0,0,1,0,0
